avg aspect
	环境 0.2815533980582524
	价格 0.3333333333333333
	餐厅 0.42857142857142855
	交通 0.5774058577405857
	服务 0.4306784660766962
坏
	环境 0 6 -0.2815533980582524
	价格 0 1 -0.3333333333333333
	餐厅 0 1 -0.42857142857142855
	交通 0 1 -0.5774058577405857
	服务 0 5 -0.4306784660766962
明显
	环境 0 3 -0.2815533980582524
	价格 0 1 -0.3333333333333333
	餐厅 1 1 0.5714285714285714
	交通 0 0 0
	服务 0 3 -0.4306784660766962
小
	环境 2 30 -0.21488673139158576
	价格 0 0 0
	餐厅 4 15 -0.16190476190476188
	交通 8 19 -0.15635322616163838
	服务 6 13 0.030859995461765377
不
	环境 1 3 0.0517799352750809
	价格 0 0 0
	餐厅 0 0 0
	交通 0 1 -0.5774058577405857
	服务 0 4 -0.4306784660766962
郁闷
	环境 0 1 -0.2815533980582524
	价格 0 0 0
	餐厅 0 1 -0.42857142857142855
	交通 1 1 0.4225941422594143
	服务 0 1 -0.4306784660766962
慢
	环境 0 2 -0.2815533980582524
	价格 0 0 0
	餐厅 0 1 -0.42857142857142855
	交通 0 0 0
	服务 0 2 -0.4306784660766962
旧
	环境 0 7 -0.2815533980582524
	价格 0 3 -0.3333333333333333
	餐厅 1 3 -0.09523809523809523
	交通 3 4 0.17259414225941427
	服务 1 2 0.06932153392330381
差
	环境 2 32 -0.2190533980582524
	价格 0 8 -0.3333333333333333
	餐厅 1 12 -0.34523809523809523
	交通 3 13 -0.34663662697135494
	服务 2 19 -0.32541530818195935
不错
	环境 19 33 0.2942041776993234
	价格 3 10 -0.033333333333333326
	餐厅 14 16 0.44642857142857145
	交通 21 21 0.4225941422594143
	服务 20 23 0.43888675131460814
大
	环境 4 15 -0.01488673139158575
	价格 0 2 -0.3333333333333333
	餐厅 3 11 -0.15584415584415584
	交通 3 11 -0.304678585013313
	服务 3 8 -0.05567846607669619
快
	环境 1 4 -0.03155339805825241
	价格 1 1 0.6666666666666667
	餐厅 1 2 0.07142857142857145
	交通 0 1 -0.5774058577405857
	服务 1 2 0.06932153392330381
足
	环境 1 1 0.7184466019417476
	价格 0 0 0
	餐厅 0 0 0
	交通 0 0 0
	服务 0 0 0
好
	环境 28 57 0.20967467211718616
	价格 13 19 0.3508771929824562
	餐厅 15 23 0.22360248447204972
	交通 19 25 0.18259414225941428
	服务 34 45 0.32487708947885935
贵
	环境 2 2 0.7184466019417476
	价格 1 6 -0.16666666666666666
	餐厅 1 2 0.07142857142857145
	交通 1 1 0.4225941422594143
	服务 2 4 0.06932153392330381
黑
	环境 1 3 0.0517799352750809
	价格 0 0 0
	餐厅 0 1 -0.42857142857142855
	交通 0 0 0
	服务 0 1 -0.4306784660766962
满
	环境 2 3 0.3851132686084142
	价格 0 0 0
	餐厅 2 2 0.5714285714285714
	交通 0 0 0
	服务 2 3 0.23598820058997044
根本
	环境 1 14 -0.210124826629681
	价格 0 6 -0.3333333333333333
	餐厅 0 5 -0.42857142857142855
	交通 0 0 0
	服务 0 9 -0.4306784660766962
嘈杂
	环境 1 3 0.0517799352750809
	价格 0 1 -0.3333333333333333
	餐厅 1 3 -0.09523809523809523
	交通 1 1 0.4225941422594143
	服务 1 2 0.06932153392330381
正好
	环境 1 2 0.2184466019417476
	价格 1 2 0.16666666666666669
	餐厅 0 0 0
	交通 0 1 -0.5774058577405857
	服务 0 0 0
优越
	环境 1 3 0.0517799352750809
	价格 1 1 0.6666666666666667
	餐厅 1 1 0.5714285714285714
	交通 1 1 0.4225941422594143
	服务 1 1 0.5693215339233038
高
	环境 2 8 -0.03155339805825241
	价格 1 6 -0.16666666666666666
	餐厅 1 2 0.07142857142857145
	交通 1 4 -0.3274058577405857
	服务 1 3 -0.09734513274336287
方便
	环境 11 20 0.26844660194174763
	价格 7 9 0.4444444444444445
	餐厅 3 8 -0.05357142857142855
	交通 17 24 0.13092747559274764
	服务 9 13 0.2616292262309961
有大
	环境 0 1 -0.2815533980582524
	价格 0 0 0
	餐厅 0 2 -0.42857142857142855
	交通 0 2 -0.5774058577405857
	服务 0 0 0
不足
	环境 1 5 -0.0815533980582524
	价格 0 0 0
	餐厅 0 2 -0.42857142857142855
	交通 1 3 -0.2440725244072524
	服务 2 3 0.23598820058997044
固定
	环境 0 1 -0.2815533980582524
	价格 0 0 0
	餐厅 0 2 -0.42857142857142855
	交通 0 2 -0.5774058577405857
	服务 0 0 0
新
	环境 2 6 0.0517799352750809
	价格 0 1 -0.3333333333333333
	餐厅 0 0 0
	交通 1 1 0.4225941422594143
	服务 1 3 -0.09734513274336287
一般
	环境 3 20 -0.13155339805825242
	价格 0 4 -0.3333333333333333
	餐厅 3 7 0.0
	交通 4 7 -0.005977286312014329
	服务 7 15 0.03598820058997049
很远
	环境 0 0 0
	价格 0 0 0
	餐厅 0 0 0
	交通 1 2 -0.07740585774058573
	服务 0 2 -0.4306784660766962
厉害
	环境 1 1 0.7184466019417476
	价格 0 0 0
	餐厅 1 1 0.5714285714285714
	交通 1 1 0.4225941422594143
	服务 1 2 0.06932153392330381
很
	环境 0 1 -0.2815533980582524
	价格 0 0 0
	餐厅 0 1 -0.42857142857142855
	交通 0 1 -0.5774058577405857
	服务 0 2 -0.4306784660766962
清楚
	环境 0 4 -0.2815533980582524
	价格 0 0 0
	餐厅 1 1 0.5714285714285714
	交通 0 1 -0.5774058577405857
	服务 1 4 -0.1806784660766962
早
	环境 0 1 -0.2815533980582524
	价格 0 1 -0.3333333333333333
	餐厅 0 1 -0.42857142857142855
	交通 0 0 0
	服务 0 0 0
少
	环境 0 8 -0.2815533980582524
	价格 0 3 -0.3333333333333333
	餐厅 0 3 -0.42857142857142855
	交通 0 0 0
	服务 1 4 -0.1806784660766962
难吃
	环境 0 2 -0.2815533980582524
	价格 0 1 -0.3333333333333333
	餐厅 0 2 -0.42857142857142855
	交通 0 0 0
	服务 0 1 -0.4306784660766962
净
	环境 10 14 0.4327323162274619
	价格 3 4 0.4166666666666667
	餐厅 5 5 0.5714285714285714
	交通 5 6 0.25592747559274764
	服务 5 7 0.2836072482090181
无效
	环境 0 1 -0.2815533980582524
	价格 0 0 0
	餐厅 0 0 0
	交通 0 0 0
	服务 0 1 -0.4306784660766962
丰盛
	环境 2 3 0.3851132686084142
	价格 0 0 0
	餐厅 4 4 0.5714285714285714
	交通 1 1 0.4225941422594143
	服务 3 3 0.5693215339233038
糟糕
	环境 1 4 -0.03155339805825241
	价格 2 4 0.16666666666666669
	餐厅 0 0 0
	交通 2 3 0.0892608089260809
	服务 0 2 -0.4306784660766962
冷热
	环境 0 0 0
	价格 1 1 0.6666666666666667
	餐厅 0 0 0
	交通 1 1 0.4225941422594143
	服务 0 0 0
难
	环境 1 5 -0.0815533980582524
	价格 1 2 0.16666666666666669
	餐厅 2 3 0.23809523809523808
	交通 1 2 -0.07740585774058573
	服务 2 2 0.5693215339233038
近
	环境 5 6 0.551779935275081
	价格 2 3 0.3333333333333333
	餐厅 0 1 -0.42857142857142855
	交通 6 6 0.4225941422594143
	服务 3 5 0.1693215339233038
巨大
	环境 0 2 -0.2815533980582524
	价格 0 0 0
	餐厅 0 1 -0.42857142857142855
	交通 0 0 0
	服务 0 1 -0.4306784660766962
和谐
	环境 0 1 -0.2815533980582524
	价格 0 0 0
	餐厅 0 1 -0.42857142857142855
	交通 0 0 0
	服务 0 1 -0.4306784660766962
寒冷
	环境 0 1 -0.2815533980582524
	价格 1 1 0.6666666666666667
	餐厅 0 0 0
	交通 1 1 0.4225941422594143
	服务 0 0 0
老
	环境 1 4 -0.03155339805825241
	价格 1 1 0.6666666666666667
	餐厅 0 0 0
	交通 2 2 0.4225941422594143
	服务 2 3 0.23598820058997044
明亮
	环境 1 2 0.2184466019417476
	价格 0 0 0
	餐厅 0 1 -0.42857142857142855
	交通 0 0 0
	服务 1 1 0.5693215339233038
很好
	环境 0 0 0
	价格 0 0 0
	餐厅 0 0 0
	交通 1 1 0.4225941422594143
	服务 1 1 0.5693215339233038
远
	环境 0 3 -0.2815533980582524
	价格 0 0 0
	餐厅 0 1 -0.42857142857142855
	交通 0 3 -0.5774058577405857
	服务 0 3 -0.4306784660766962
较贵
	环境 0 1 -0.2815533980582524
	价格 0 0 0
	餐厅 0 1 -0.42857142857142855
	交通 0 1 -0.5774058577405857
	服务 0 1 -0.4306784660766962
最大
	环境 0 2 -0.2815533980582524
	价格 0 1 -0.3333333333333333
	餐厅 0 0 0
	交通 0 1 -0.5774058577405857
	服务 1 1 0.5693215339233038
敏感
	环境 0 0 0
	价格 0 0 0
	餐厅 0 0 0
	交通 0 0 0
	服务 1 1 0.5693215339233038
较高
	环境 0 0 0
	价格 0 0 0
	餐厅 1 1 0.5714285714285714
	交通 1 1 0.4225941422594143
	服务 0 0 0
最好
	环境 3 4 0.4684466019417476
	价格 1 1 0.6666666666666667
	餐厅 4 5 0.3714285714285715
	交通 0 1 -0.5774058577405857
	服务 2 3 0.23598820058997044
湿
	环境 0 2 -0.2815533980582524
	价格 0 1 -0.3333333333333333
	餐厅 1 1 0.5714285714285714
	交通 0 0 0
	服务 0 2 -0.4306784660766962
便宜
	环境 2 7 0.004160887656033285
	价格 1 6 -0.16666666666666666
	餐厅 2 2 0.5714285714285714
	交通 2 2 0.4225941422594143
	服务 1 3 -0.09734513274336287
遗憾
	环境 1 1 0.7184466019417476
	价格 1 2 0.16666666666666669
	餐厅 0 0 0
	交通 0 1 -0.5774058577405857
	服务 1 1 0.5693215339233038
清理
	环境 0 3 -0.2815533980582524
	价格 0 0 0
	餐厅 0 0 0
	交通 0 0 0
	服务 0 3 -0.4306784660766962
耐心
	环境 0 1 -0.2815533980582524
	价格 0 0 0
	餐厅 0 0 0
	交通 0 0 0
	服务 0 1 -0.4306784660766962
最差
	环境 0 3 -0.2815533980582524
	价格 0 2 -0.3333333333333333
	餐厅 0 1 -0.42857142857142855
	交通 0 0 0
	服务 0 4 -0.4306784660766962
频繁
	环境 1 3 0.0517799352750809
	价格 0 2 -0.3333333333333333
	餐厅 0 0 0
	交通 0 0 0
	服务 0 0 0
干活
	环境 0 0 0
	价格 0 1 -0.3333333333333333
	餐厅 0 0 0
	交通 0 0 0
	服务 0 1 -0.4306784660766962
均差
	环境 0 1 -0.2815533980582524
	价格 0 0 0
	餐厅 0 0 0
	交通 0 0 0
	服务 0 1 -0.4306784660766962
不满
	环境 0 1 -0.2815533980582524
	价格 0 0 0
	餐厅 0 1 -0.42857142857142855
	交通 0 0 0
	服务 0 1 -0.4306784660766962
配套
	环境 0 1 -0.2815533980582524
	价格 0 0 0
	餐厅 0 0 0
	交通 0 0 0
	服务 0 1 -0.4306784660766962
舒服
	环境 1 3 0.0517799352750809
	价格 0 0 0
	餐厅 0 0 0
	交通 1 1 0.4225941422594143
	服务 1 2 0.06932153392330381
细
	环境 0 1 -0.2815533980582524
	价格 0 0 0
	餐厅 0 0 0
	交通 0 1 -0.5774058577405857
	服务 0 1 -0.4306784660766962
严重
	环境 0 4 -0.2815533980582524
	价格 0 1 -0.3333333333333333
	餐厅 0 2 -0.42857142857142855
	交通 1 2 -0.07740585774058573
	服务 0 2 -0.4306784660766962
豪华
	环境 2 7 0.004160887656033285
	价格 0 2 -0.3333333333333333
	餐厅 0 4 -0.42857142857142855
	交通 0 0 0
	服务 2 3 0.23598820058997044
清晰
	环境 0 1 -0.2815533980582524
	价格 0 0 0
	餐厅 0 1 -0.42857142857142855
	交通 0 0 0
	服务 0 1 -0.4306784660766962
强横
	环境 0 1 -0.2815533980582524
	价格 0 0 0
	餐厅 0 1 -0.42857142857142855
	交通 0 0 0
	服务 0 1 -0.4306784660766962
不爽
	环境 0 2 -0.2815533980582524
	价格 0 0 0
	餐厅 0 0 0
	交通 0 1 -0.5774058577405857
	服务 0 2 -0.4306784660766962
很脏
	环境 0 5 -0.2815533980582524
	价格 0 1 -0.3333333333333333
	餐厅 0 2 -0.42857142857142855
	交通 0 2 -0.5774058577405857
	服务 0 2 -0.4306784660766962
奇慢
	环境 0 1 -0.2815533980582524
	价格 0 0 0
	餐厅 0 1 -0.42857142857142855
	交通 0 0 0
	服务 0 0 0
怕人
	环境 0 1 -0.2815533980582524
	价格 0 0 0
	餐厅 0 1 -0.42857142857142855
	交通 0 0 0
	服务 0 0 0
快捷
	环境 0 1 -0.2815533980582524
	价格 0 0 0
	餐厅 0 0 0
	交通 0 0 0
	服务 0 0 0
不良
	环境 0 1 -0.2815533980582524
	价格 0 0 0
	餐厅 0 0 0
	交通 0 0 0
	服务 0 0 0
简陋
	环境 0 3 -0.2815533980582524
	价格 0 1 -0.3333333333333333
	餐厅 0 0 0
	交通 1 1 0.4225941422594143
	服务 0 0 0
丰富
	环境 0 3 -0.2815533980582524
	价格 0 0 0
	餐厅 1 2 0.07142857142857145
	交通 0 0 0
	服务 1 1 0.5693215339233038
可乐
	环境 0 1 -0.2815533980582524
	价格 0 1 -0.3333333333333333
	餐厅 0 0 0
	交通 0 0 0
	服务 0 1 -0.4306784660766962
惊讶
	环境 0 1 -0.2815533980582524
	价格 0 1 -0.3333333333333333
	餐厅 0 0 0
	交通 0 0 0
	服务 0 1 -0.4306784660766962
简单
	环境 1 4 -0.03155339805825241
	价格 0 2 -0.3333333333333333
	餐厅 0 2 -0.42857142857142855
	交通 1 1 0.4225941422594143
	服务 2 5 -0.030678466076696165
容忍
	环境 0 1 -0.2815533980582524
	价格 0 1 -0.3333333333333333
	餐厅 0 0 0
	交通 0 0 0
	服务 0 1 -0.4306784660766962
薄
	环境 0 1 -0.2815533980582524
	价格 0 0 0
	餐厅 0 0 0
	交通 0 0 0
	服务 0 0 0
宽敞
	环境 1 1 0.7184466019417476
	价格 1 1 0.6666666666666667
	餐厅 0 0 0
	交通 0 0 0
	服务 1 1 0.5693215339233038
不好意思
	环境 0 0 0
	价格 0 0 0
	餐厅 0 1 -0.42857142857142855
	交通 0 0 0
	服务 0 1 -0.4306784660766962
贴切
	环境 0 0 0
	价格 0 0 0
	餐厅 0 1 -0.42857142857142855
	交通 0 0 0
	服务 0 1 -0.4306784660766962
最多
	环境 0 0 0
	价格 0 0 0
	餐厅 0 1 -0.42857142857142855
	交通 0 0 0
	服务 0 1 -0.4306784660766962
抠门
	环境 0 0 0
	价格 0 0 0
	餐厅 0 1 -0.42857142857142855
	交通 0 0 0
	服务 0 1 -0.4306784660766962
很大
	环境 3 5 0.31844660194174756
	价格 1 1 0.6666666666666667
	餐厅 0 0 0
	交通 1 2 -0.07740585774058573
	服务 1 3 -0.09734513274336287
硬
	环境 1 3 0.0517799352750809
	价格 0 0 0
	餐厅 1 1 0.5714285714285714
	交通 1 1 0.4225941422594143
	服务 1 2 0.06932153392330381
愉快
	环境 0 1 -0.2815533980582524
	价格 0 0 0
	餐厅 0 0 0
	交通 0 0 0
	服务 0 1 -0.4306784660766962
成功
	环境 0 2 -0.2815533980582524
	价格 0 0 0
	餐厅 0 0 0
	交通 0 0 0
	服务 0 2 -0.4306784660766962
真烂
	环境 0 1 -0.2815533980582524
	价格 0 0 0
	餐厅 0 0 0
	交通 0 0 0
	服务 0 1 -0.4306784660766962
馊
	环境 0 1 -0.2815533980582524
	价格 0 0 0
	餐厅 0 0 0
	交通 0 0 0
	服务 0 1 -0.4306784660766962
热闹
	环境 0 1 -0.2815533980582524
	价格 0 0 0
	餐厅 0 0 0
	交通 1 1 0.4225941422594143
	服务 0 0 0
优秀
	环境 0 2 -0.2815533980582524
	价格 0 0 0
	餐厅 0 0 0
	交通 0 1 -0.5774058577405857
	服务 0 1 -0.4306784660766962
最靠
	环境 0 2 -0.2815533980582524
	价格 0 0 0
	餐厅 0 0 0
	交通 0 1 -0.5774058577405857
	服务 0 1 -0.4306784660766962
不通
	环境 0 2 -0.2815533980582524
	价格 0 0 0
	餐厅 0 0 0
	交通 0 1 -0.5774058577405857
	服务 0 1 -0.4306784660766962
便利
	环境 1 1 0.7184466019417476
	价格 0 1 -0.3333333333333333
	餐厅 1 1 0.5714285714285714
	交通 2 2 0.4225941422594143
	服务 1 1 0.5693215339233038
倒霉
	环境 0 0 0
	价格 0 0 0
	餐厅 0 0 0
	交通 0 0 0
	服务 0 1 -0.4306784660766962
较硬
	环境 0 1 -0.2815533980582524
	价格 0 0 0
	餐厅 0 0 0
	交通 0 0 0
	服务 0 0 0
很小
	环境 1 4 -0.03155339805825241
	价格 1 4 -0.08333333333333331
	餐厅 0 0 0
	交通 1 5 -0.3774058577405857
	服务 0 3 -0.4306784660766962
拿单
	环境 1 1 0.7184466019417476
	价格 0 0 0
	餐厅 0 0 0
	交通 0 0 0
	服务 0 1 -0.4306784660766962
不同
	环境 1 2 0.2184466019417476
	价格 0 0 0
	餐厅 0 0 0
	交通 0 0 0
	服务 0 1 -0.4306784660766962
较大
	环境 1 1 0.7184466019417476
	价格 0 1 -0.3333333333333333
	餐厅 0 0 0
	交通 0 0 0
	服务 0 1 -0.4306784660766962
重新
	环境 0 2 -0.2815533980582524
	价格 0 0 0
	餐厅 0 0 0
	交通 0 0 0
	服务 0 0 0
昏暗
	环境 1 2 0.2184466019417476
	价格 1 2 0.16666666666666669
	餐厅 0 0 0
	交通 0 0 0
	服务 0 0 0
肮脏
	环境 0 1 -0.2815533980582524
	价格 0 1 -0.3333333333333333
	餐厅 0 0 0
	交通 1 1 0.4225941422594143
	服务 0 0 0
热
	环境 0 2 -0.2815533980582524
	价格 0 0 0
	餐厅 0 1 -0.42857142857142855
	交通 0 1 -0.5774058577405857
	服务 0 1 -0.4306784660766962
生硬
	环境 0 0 0
	价格 0 0 0
	餐厅 0 0 0
	交通 0 1 -0.5774058577405857
	服务 0 1 -0.4306784660766962
偏
	环境 0 0 0
	价格 0 0 0
	餐厅 0 1 -0.42857142857142855
	交通 0 2 -0.5774058577405857
	服务 0 1 -0.4306784660766962
合适
	环境 0 1 -0.2815533980582524
	价格 2 2 0.6666666666666667
	餐厅 1 1 0.5714285714285714
	交通 1 1 0.4225941422594143
	服务 1 1 0.5693215339233038
一大
	环境 0 1 -0.2815533980582524
	价格 1 1 0.6666666666666667
	餐厅 0 0 0
	交通 0 0 0
	服务 0 0 0
很久
	环境 0 1 -0.2815533980582524
	价格 0 0 0
	餐厅 0 0 0
	交通 0 0 0
	服务 0 1 -0.4306784660766962
重要
	环境 0 2 -0.2815533980582524
	价格 1 1 0.6666666666666667
	餐厅 1 1 0.5714285714285714
	交通 0 1 -0.5774058577405857
	服务 1 2 0.06932153392330381
很棒
	环境 0 1 -0.2815533980582524
	价格 0 0 0
	餐厅 1 1 0.5714285714285714
	交通 1 1 0.4225941422594143
	服务 1 1 0.5693215339233038
繁华
	环境 1 1 0.7184466019417476
	价格 0 0 0
	餐厅 1 1 0.5714285714285714
	交通 1 1 0.4225941422594143
	服务 1 1 0.5693215339233038
很高
	环境 1 2 0.2184466019417476
	价格 0 0 0
	餐厅 1 1 0.5714285714285714
	交通 1 1 0.4225941422594143
	服务 1 1 0.5693215339233038
深感
	环境 0 0 0
	价格 0 0 0
	餐厅 0 0 0
	交通 0 0 0
	服务 1 1 0.5693215339233038
憋气
	环境 0 1 -0.2815533980582524
	价格 0 0 0
	餐厅 0 0 0
	交通 0 0 0
	服务 0 1 -0.4306784660766962
着名
	环境 0 1 -0.2815533980582524
	价格 0 0 0
	餐厅 0 0 0
	交通 0 0 0
	服务 0 1 -0.4306784660766962
愚见
	环境 0 0 0
	价格 0 0 0
	餐厅 0 1 -0.42857142857142855
	交通 1 1 0.4225941422594143
	服务 0 0 0
较脏
	环境 0 1 -0.2815533980582524
	价格 0 0 0
	餐厅 0 1 -0.42857142857142855
	交通 1 1 0.4225941422594143
	服务 0 0 0
冷
	环境 0 2 -0.2815533980582524
	价格 0 1 -0.3333333333333333
	餐厅 0 1 -0.42857142857142855
	交通 1 2 -0.07740585774058573
	服务 0 0 0
偏僻
	环境 0 1 -0.2815533980582524
	价格 0 0 0
	餐厅 0 1 -0.42857142857142855
	交通 0 0 0
	服务 0 0 0
不耐烦
	环境 0 0 0
	价格 0 0 0
	餐厅 0 0 0
	交通 0 0 0
	服务 0 1 -0.4306784660766962
烦人
	环境 0 1 -0.2815533980582524
	价格 0 0 0
	餐厅 0 0 0
	交通 0 0 0
	服务 0 0 0
迟钝
	环境 0 1 -0.2815533980582524
	价格 0 0 0
	餐厅 0 0 0
	交通 0 0 0
	服务 0 0 0
独特
	环境 0 1 -0.2815533980582524
	价格 0 0 0
	餐厅 0 0 0
	交通 0 0 0
	服务 0 0 0
别扭
	环境 0 1 -0.2815533980582524
	价格 0 0 0
	餐厅 0 0 0
	交通 0 0 0
	服务 0 0 0
很滑
	环境 0 1 -0.2815533980582524
	价格 0 0 0
	餐厅 0 0 0
	交通 0 0 0
	服务 0 0 0
太软
	环境 0 1 -0.2815533980582524
	价格 0 0 0
	餐厅 0 0 0
	交通 0 0 0
	服务 0 0 0
痛
	环境 0 1 -0.2815533980582524
	价格 0 0 0
	餐厅 0 0 0
	交通 0 0 0
	服务 0 0 0
被单
	环境 0 1 -0.2815533980582524
	价格 0 0 0
	餐厅 0 0 0
	交通 0 0 0
	服务 0 0 0
晶丽
	环境 1 1 0.7184466019417476
	价格 0 0 0
	餐厅 1 1 0.5714285714285714
	交通 0 0 0
	服务 1 1 0.5693215339233038
良好
	环境 3 3 0.7184466019417476
	价格 0 0 0
	餐厅 1 1 0.5714285714285714
	交通 1 1 0.4225941422594143
	服务 3 3 0.5693215339233038
美好
	环境 1 1 0.7184466019417476
	价格 0 0 0
	餐厅 0 0 0
	交通 1 1 0.4225941422594143
	服务 1 2 0.06932153392330381
准确
	环境 1 1 0.7184466019417476
	价格 0 0 0
	餐厅 0 0 0
	交通 1 1 0.4225941422594143
	服务 1 1 0.5693215339233038
优悦
	环境 0 0 0
	价格 0 0 0
	餐厅 0 0 0
	交通 0 2 -0.5774058577405857
	服务 0 2 -0.4306784660766962
容易
	环境 0 0 0
	价格 0 0 0
	餐厅 0 0 0
	交通 0 0 0
	服务 0 1 -0.4306784660766962
舒适
	环境 2 2 0.7184466019417476
	价格 0 1 -0.3333333333333333
	餐厅 0 0 0
	交通 1 1 0.4225941422594143
	服务 1 2 0.06932153392330381
混乱
	环境 0 1 -0.2815533980582524
	价格 0 0 0
	餐厅 0 0 0
	交通 0 0 0
	服务 0 0 0
整洁
	环境 1 1 0.7184466019417476
	价格 0 0 0
	餐厅 0 0 0
	交通 1 1 0.4225941422594143
	服务 1 1 0.5693215339233038
恐怖
	环境 1 1 0.7184466019417476
	价格 0 0 0
	餐厅 0 0 0
	交通 0 0 0
	服务 0 0 0
偏贵
	环境 1 1 0.7184466019417476
	价格 0 1 -0.3333333333333333
	餐厅 0 0 0
	交通 1 1 0.4225941422594143
	服务 0 0 0
厚
	环境 0 1 -0.2815533980582524
	价格 0 0 0
	餐厅 0 0 0
	交通 0 0 0
	服务 1 1 0.5693215339233038
聪
	环境 0 1 -0.2815533980582524
	价格 0 0 0
	餐厅 0 0 0
	交通 0 0 0
	服务 0 1 -0.4306784660766962
很俗
	环境 0 1 -0.2815533980582524
	价格 0 0 0
	餐厅 0 0 0
	交通 0 0 0
	服务 0 0 0
尊贵
	环境 0 1 -0.2815533980582524
	价格 0 0 0
	餐厅 0 0 0
	交通 0 0 0
	服务 0 0 0
紧挨
	环境 0 1 -0.2815533980582524
	价格 0 0 0
	餐厅 1 1 0.5714285714285714
	交通 0 0 0
	服务 1 1 0.5693215339233038
较差
	环境 0 2 -0.2815533980582524
	价格 0 0 0
	餐厅 0 0 0
	交通 0 2 -0.5774058577405857
	服务 0 0 0
容
	环境 0 1 -0.2815533980582524
	价格 0 0 0
	餐厅 0 0 0
	交通 0 1 -0.5774058577405857
	服务 0 0 0
紧
	环境 0 0 0
	价格 0 0 0
	餐厅 0 0 0
	交通 1 1 0.4225941422594143
	服务 0 0 0
脏
	环境 0 2 -0.2815533980582524
	价格 0 0 0
	餐厅 0 2 -0.42857142857142855
	交通 0 2 -0.5774058577405857
	服务 0 2 -0.4306784660766962
正规
	环境 0 1 -0.2815533980582524
	价格 0 0 0
	餐厅 0 1 -0.42857142857142855
	交通 0 1 -0.5774058577405857
	服务 0 1 -0.4306784660766962
洗淑
	环境 0 1 -0.2815533980582524
	价格 0 1 -0.3333333333333333
	餐厅 0 0 0
	交通 0 0 0
	服务 0 0 0
强
	环境 0 2 -0.2815533980582524
	价格 0 1 -0.3333333333333333
	餐厅 0 0 0
	交通 0 0 0
	服务 0 0 0
有愧
	环境 0 1 -0.2815533980582524
	价格 0 0 0
	餐厅 0 0 0
	交通 0 0 0
	服务 0 1 -0.4306784660766962
先进
	环境 0 1 -0.2815533980582524
	价格 0 0 0
	餐厅 0 0 0
	交通 0 0 0
	服务 0 1 -0.4306784660766962
弱
	环境 0 1 -0.2815533980582524
	价格 0 0 0
	餐厅 0 0 0
	交通 0 0 0
	服务 0 1 -0.4306784660766962
不大
	环境 0 1 -0.2815533980582524
	价格 0 0 0
	餐厅 1 1 0.5714285714285714
	交通 1 1 0.4225941422594143
	服务 1 1 0.5693215339233038
最
	环境 0 1 -0.2815533980582524
	价格 0 1 -0.3333333333333333
	餐厅 0 0 0
	交通 0 1 -0.5774058577405857
	服务 0 0 0
低
	环境 0 1 -0.2815533980582524
	价格 0 1 -0.3333333333333333
	餐厅 0 0 0
	交通 0 1 -0.5774058577405857
	服务 0 0 0
无聊
	环境 1 1 0.7184466019417476
	价格 0 0 0
	餐厅 1 1 0.5714285714285714
	交通 1 1 0.4225941422594143
	服务 0 0 0
较慢
	环境 1 1 0.7184466019417476
	价格 0 0 0
	餐厅 1 1 0.5714285714285714
	交通 1 1 0.4225941422594143
	服务 0 0 0
avg term
	环境 0.8411764705882353
	价格 0.2235294117647059
	餐厅 0.34558823529411764
	交通 0.38382352941176473
	服务 0.5205882352941177
空调
	环境 4 4 0.1588235294117647
	价格 0 4 -0.2235294117647059
	餐厅 0 4 -0.34558823529411764
	交通 0 4 -0.38382352941176473
	服务 2 4 -0.020588235294117685
房间
	环境 73 76 0.11934984520123837
	价格 17 76 0.0001547987616098978
	餐厅 21 76 -0.0692724458204334
	交通 32 76 0.037229102167182615
	服务 34 76 -0.0732198142414861
电梯
	环境 2 2 0.1588235294117647
	价格 0 2 -0.2235294117647059
	餐厅 0 2 -0.34558823529411764
	交通 0 2 -0.38382352941176473
	服务 2 2 0.4794117647058823
服务态度
	环境 7 10 -0.14117647058823535
	价格 0 10 -0.2235294117647059
	餐厅 1 10 -0.24558823529411763
	交通 2 10 -0.18382352941176472
	服务 10 10 0.4794117647058823
总体
	环境 5 6 -0.007843137254901933
	价格 2 6 0.10980392156862742
	餐厅 2 6 -0.012254901960784326
	交通 4 6 0.2828431372549019
	服务 4 6 0.14607843137254894
毛病
	环境 1 1 0.1588235294117647
	价格 0 1 -0.2235294117647059
	餐厅 0 1 -0.34558823529411764
	交通 0 1 -0.38382352941176473
	服务 0 1 -0.5205882352941177
酒店
	环境 40 51 -0.056862745098039236
	价格 10 51 -0.027450980392156876
	餐厅 16 51 -0.031862745098039214
	交通 19 51 -0.011274509803921584
	服务 29 51 0.04803921568627445
环境
	环境 13 14 0.0873949579831933
	价格 1 14 -0.15210084033613447
	餐厅 8 14 0.22584033613445376
	交通 5 14 -0.02668067226890758
	服务 4 14 -0.234873949579832
餐厅
	环境 4 5 -0.04117647058823526
	价格 0 5 -0.2235294117647059
	餐厅 4 5 0.4544117647058824
	交通 0 5 -0.38382352941176473
	服务 3 5 0.07941176470588229
特色
	环境 2 2 0.1588235294117647
	价格 0 2 -0.2235294117647059
	餐厅 2 2 0.6544117647058824
	交通 1 2 0.11617647058823527
	服务 2 2 0.4794117647058823
宾馆
	环境 3 3 0.1588235294117647
	价格 0 3 -0.2235294117647059
	餐厅 1 3 -0.012254901960784326
	交通 0 3 -0.38382352941176473
	服务 2 3 0.14607843137254894
体会
	环境 1 1 0.1588235294117647
	价格 0 1 -0.2235294117647059
	餐厅 1 1 0.6544117647058824
	交通 0 1 -0.38382352941176473
	服务 1 1 0.4794117647058823
人声
	环境 1 1 0.1588235294117647
	价格 0 1 -0.2235294117647059
	餐厅 1 1 0.6544117647058824
	交通 0 1 -0.38382352941176473
	服务 1 1 0.4794117647058823
温度
	环境 1 1 0.1588235294117647
	价格 1 1 0.7764705882352941
	餐厅 0 1 -0.34558823529411764
	交通 0 1 -0.38382352941176473
	服务 0 1 -0.5205882352941177
隔音
	环境 5 7 -0.126890756302521
	价格 3 7 0.20504201680672265
	餐厅 2 7 -0.05987394957983194
	交通 0 7 -0.38382352941176473
	服务 0 7 -0.5205882352941177
效果
	环境 2 2 0.1588235294117647
	价格 1 2 0.27647058823529413
	餐厅 0 2 -0.34558823529411764
	交通 0 2 -0.38382352941176473
	服务 0 2 -0.5205882352941177
地理位置
	环境 11 14 -0.055462184873949605
	价格 4 14 0.062184873949579805
	餐厅 5 14 0.01155462184873951
	交通 11 14 0.40189075630252097
	服务 4 14 -0.234873949579832
性价比
	环境 6 8 -0.0911764705882353
	价格 3 8 0.1514705882352941
	餐厅 2 8 -0.09558823529411764
	交通 5 8 0.24117647058823527
	服务 4 8 -0.020588235294117685
问题
	环境 3 4 -0.0911764705882353
	价格 1 4 0.026470588235294107
	餐厅 2 4 0.15441176470588236
	交通 3 4 0.36617647058823527
	服务 0 4 -0.5205882352941177
客人
	环境 3 5 -0.24117647058823533
	价格 1 5 -0.023529411764705882
	餐厅 2 5 0.05441176470588238
	交通 2 5 0.016176470588235292
	服务 2 5 -0.12058823529411766
房型
	环境 1 2 -0.3411764705882353
	价格 0 2 -0.2235294117647059
	餐厅 2 2 0.6544117647058824
	交通 2 2 0.6161764705882353
	服务 0 2 -0.5205882352941177
中式
	环境 1 2 -0.3411764705882353
	价格 0 2 -0.2235294117647059
	餐厅 2 2 0.6544117647058824
	交通 2 2 0.6161764705882353
	服务 0 2 -0.5205882352941177
茶点
	环境 1 2 -0.3411764705882353
	价格 0 2 -0.2235294117647059
	餐厅 2 2 0.6544117647058824
	交通 2 2 0.6161764705882353
	服务 0 2 -0.5205882352941177
房子
	环境 3 3 0.1588235294117647
	价格 0 3 -0.2235294117647059
	餐厅 0 3 -0.34558823529411764
	交通 1 3 -0.050490196078431415
	服务 2 3 0.14607843137254894
交通
	环境 10 14 -0.126890756302521
	价格 3 14 -0.00924369747899162
	餐厅 3 14 -0.13130252100840337
	交通 14 14 0.6161764705882353
	服务 4 14 -0.234873949579832
餐饮
	环境 2 2 0.1588235294117647
	价格 0 2 -0.2235294117647059
	餐厅 0 2 -0.34558823529411764
	交通 2 2 0.6161764705882353
	服务 0 2 -0.5205882352941177
饭店
	环境 4 5 -0.04117647058823526
	价格 0 5 -0.2235294117647059
	餐厅 0 5 -0.34558823529411764
	交通 1 5 -0.18382352941176472
	服务 4 5 0.27941176470588236
有员
	环境 2 2 0.1588235294117647
	价格 0 2 -0.2235294117647059
	餐厅 0 2 -0.34558823529411764
	交通 1 2 0.11617647058823527
	服务 2 2 0.4794117647058823
整体素质
	环境 2 2 0.1588235294117647
	价格 0 2 -0.2235294117647059
	餐厅 0 2 -0.34558823529411764
	交通 1 2 0.11617647058823527
	服务 2 2 0.4794117647058823
品种
	环境 5 5 0.1588235294117647
	价格 1 5 -0.023529411764705882
	餐厅 3 5 0.25441176470588234
	交通 0 5 -0.38382352941176473
	服务 3 5 0.07941176470588229
服务员
	环境 6 8 -0.0911764705882353
	价格 0 8 -0.2235294117647059
	餐厅 2 8 -0.09558823529411764
	交通 1 8 -0.25882352941176473
	服务 8 8 0.4794117647058823
大度
	环境 1 1 0.1588235294117647
	价格 0 1 -0.2235294117647059
	餐厅 0 1 -0.34558823529411764
	交通 0 1 -0.38382352941176473
	服务 1 1 0.4794117647058823
早餐
	环境 17 19 0.05356037151702786
	价格 2 19 -0.11826625386996906
	餐厅 18 19 0.6017801857585139
	交通 5 19 -0.12066563467492264
	服务 12 19 0.11099071207430333
浴室
	环境 2 3 -0.17450980392156867
	价格 1 3 0.10980392156862742
	餐厅 2 3 0.321078431372549
	交通 3 3 0.6161764705882353
	服务 1 3 -0.18725490196078437
水
	环境 1 5 -0.6411764705882352
	价格 4 5 0.5764705882352942
	餐厅 0 5 -0.34558823529411764
	交通 3 5 0.21617647058823525
	服务 1 5 -0.3205882352941177
脏布
	环境 1 1 0.1588235294117647
	价格 0 1 -0.2235294117647059
	餐厅 1 1 0.6544117647058824
	交通 0 1 -0.38382352941176473
	服务 1 1 0.4794117647058823
贵
	环境 0 1 -0.8411764705882353
	价格 1 1 0.7764705882352941
	餐厅 0 1 -0.34558823529411764
	交通 0 1 -0.38382352941176473
	服务 0 1 -0.5205882352941177
地点
	环境 4 4 0.1588235294117647
	价格 1 4 0.026470588235294107
	餐厅 1 4 -0.09558823529411764
	交通 3 4 0.36617647058823527
	服务 0 4 -0.5205882352941177
价格
	环境 6 9 -0.17450980392156867
	价格 9 9 0.7764705882352941
	餐厅 0 9 -0.34558823529411764
	交通 2 9 -0.16160130718954252
	服务 1 9 -0.4094771241830066
设施
	环境 14 17 -0.01764705882352946
	价格 4 17 0.011764705882352927
	餐厅 5 17 -0.0514705882352941
	交通 7 17 0.02794117647058819
	服务 6 17 -0.16764705882352943
刷卡
	环境 1 1 0.1588235294117647
	价格 0 1 -0.2235294117647059
	餐厅 1 1 0.6544117647058824
	交通 0 1 -0.38382352941176473
	服务 1 1 0.4794117647058823
特价
	环境 1 1 0.1588235294117647
	价格 0 1 -0.2235294117647059
	餐厅 0 1 -0.34558823529411764
	交通 0 1 -0.38382352941176473
	服务 0 1 -0.5205882352941177
房
	环境 9 9 0.1588235294117647
	价格 2 9 -0.0013071895424836832
	餐厅 3 9 -0.012254901960784326
	交通 2 9 -0.16160130718954252
	服务 3 9 -0.18725490196078437
空气质量
	环境 1 1 0.1588235294117647
	价格 0 1 -0.2235294117647059
	餐厅 0 1 -0.34558823529411764
	交通 0 1 -0.38382352941176473
	服务 0 1 -0.5205882352941177
中心
	环境 1 1 0.1588235294117647
	价格 0 1 -0.2235294117647059
	餐厅 1 1 0.6544117647058824
	交通 1 1 0.6161764705882353
	服务 1 1 0.4794117647058823
光
	环境 1 1 0.1588235294117647
	价格 0 1 -0.2235294117647059
	餐厅 1 1 0.6544117647058824
	交通 1 1 0.6161764705882353
	服务 1 1 0.4794117647058823
西餐厅
	环境 1 1 0.1588235294117647
	价格 0 1 -0.2235294117647059
	餐厅 1 1 0.6544117647058824
	交通 1 1 0.6161764705882353
	服务 1 1 0.4794117647058823
菜式
	环境 1 1 0.1588235294117647
	价格 0 1 -0.2235294117647059
	餐厅 1 1 0.6544117647058824
	交通 1 1 0.6161764705882353
	服务 1 1 0.4794117647058823
热
	环境 1 1 0.1588235294117647
	价格 0 1 -0.2235294117647059
	餐厅 1 1 0.6544117647058824
	交通 1 1 0.6161764705882353
	服务 1 1 0.4794117647058823
水壶
	环境 1 1 0.1588235294117647
	价格 0 1 -0.2235294117647059
	餐厅 1 1 0.6544117647058824
	交通 1 1 0.6161764705882353
	服务 1 1 0.4794117647058823
特点
	环境 0 1 -0.8411764705882353
	价格 0 1 -0.2235294117647059
	餐厅 0 1 -0.34558823529411764
	交通 0 1 -0.38382352941176473
	服务 1 1 0.4794117647058823
噪音
	环境 0 1 -0.8411764705882353
	价格 0 1 -0.2235294117647059
	餐厅 0 1 -0.34558823529411764
	交通 0 1 -0.38382352941176473
	服务 1 1 0.4794117647058823
建议
	环境 2 4 -0.3411764705882353
	价格 2 4 0.27647058823529413
	餐厅 0 4 -0.34558823529411764
	交通 1 4 -0.13382352941176473
	服务 2 4 -0.020588235294117685
酒店设施
	环境 0 1 -0.8411764705882353
	价格 0 1 -0.2235294117647059
	餐厅 1 1 0.6544117647058824
	交通 1 1 0.6161764705882353
	服务 0 1 -0.5205882352941177
水平
	环境 1 2 -0.3411764705882353
	价格 0 2 -0.2235294117647059
	餐厅 1 2 0.15441176470588236
	交通 1 2 0.11617647058823527
	服务 1 2 -0.020588235294117685
服务质量
	环境 1 1 0.1588235294117647
	价格 1 1 0.7764705882352941
	餐厅 1 1 0.6544117647058824
	交通 0 1 -0.38382352941176473
	服务 1 1 0.4794117647058823
房价
	环境 3 3 0.1588235294117647
	价格 2 3 0.44313725490196076
	餐厅 1 3 -0.012254901960784326
	交通 1 3 -0.050490196078431415
	服务 1 3 -0.18725490196078437
血渍
	环境 1 1 0.1588235294117647
	价格 1 1 0.7764705882352941
	餐厅 1 1 0.6544117647058824
	交通 0 1 -0.38382352941176473
	服务 1 1 0.4794117647058823
意思
	环境 1 1 0.1588235294117647
	价格 1 1 0.7764705882352941
	餐厅 1 1 0.6544117647058824
	交通 0 1 -0.38382352941176473
	服务 1 1 0.4794117647058823
人员
	环境 1 2 -0.3411764705882353
	价格 1 2 0.27647058823529413
	餐厅 2 2 0.6544117647058824
	交通 0 2 -0.38382352941176473
	服务 2 2 0.4794117647058823
态度
	环境 3 5 -0.24117647058823533
	价格 1 5 -0.023529411764705882
	餐厅 2 5 0.05441176470588238
	交通 0 5 -0.38382352941176473
	服务 5 5 0.4794117647058823
电话
	环境 2 3 -0.17450980392156867
	价格 1 3 0.10980392156862742
	餐厅 0 3 -0.34558823529411764
	交通 1 3 -0.050490196078431415
	服务 2 3 0.14607843137254894
心想
	环境 2 2 0.1588235294117647
	价格 0 2 -0.2235294117647059
	餐厅 0 2 -0.34558823529411764
	交通 0 2 -0.38382352941176473
	服务 2 2 0.4794117647058823
星
	环境 2 4 -0.3411764705882353
	价格 4 4 0.7764705882352941
	餐厅 0 4 -0.34558823529411764
	交通 0 4 -0.38382352941176473
	服务 0 4 -0.5205882352941177
人
	环境 5 5 0.1588235294117647
	价格 2 5 0.17647058823529413
	餐厅 1 5 -0.14558823529411763
	交通 2 5 0.016176470588235292
	服务 2 5 -0.12058823529411766
不值
	环境 3 3 0.1588235294117647
	价格 3 3 0.7764705882352941
	餐厅 0 3 -0.34558823529411764
	交通 0 3 -0.38382352941176473
	服务 1 3 -0.18725490196078437
携程
	环境 2 2 0.1588235294117647
	价格 1 2 0.27647058823529413
	餐厅 0 2 -0.34558823529411764
	交通 1 2 0.11617647058823527
	服务 1 2 -0.020588235294117685
钟
	环境 0 1 -0.8411764705882353
	价格 1 1 0.7764705882352941
	餐厅 0 1 -0.34558823529411764
	交通 0 1 -0.38382352941176473
	服务 1 1 0.4794117647058823
卫生条件
	环境 1 1 0.1588235294117647
	价格 0 1 -0.2235294117647059
	餐厅 0 1 -0.34558823529411764
	交通 0 1 -0.38382352941176473
	服务 1 1 0.4794117647058823
垃圾
	环境 1 1 0.1588235294117647
	价格 0 1 -0.2235294117647059
	餐厅 0 1 -0.34558823529411764
	交通 0 1 -0.38382352941176473
	服务 1 1 0.4794117647058823
态度恶劣
	环境 1 1 0.1588235294117647
	价格 0 1 -0.2235294117647059
	餐厅 0 1 -0.34558823529411764
	交通 0 1 -0.38382352941176473
	服务 1 1 0.4794117647058823
床上
	环境 1 1 0.1588235294117647
	价格 0 1 -0.2235294117647059
	餐厅 0 1 -0.34558823529411764
	交通 0 1 -0.38382352941176473
	服务 1 1 0.4794117647058823
水流
	环境 1 1 0.1588235294117647
	价格 0 1 -0.2235294117647059
	餐厅 0 1 -0.34558823529411764
	交通 1 1 0.6161764705882353
	服务 1 1 0.4794117647058823
软件
	环境 1 1 0.1588235294117647
	价格 0 1 -0.2235294117647059
	餐厅 0 1 -0.34558823529411764
	交通 1 1 0.6161764705882353
	服务 1 1 0.4794117647058823
差距
	环境 2 3 -0.17450980392156867
	价格 1 3 0.10980392156862742
	餐厅 1 3 -0.012254901960784326
	交通 2 3 0.2828431372549019
	服务 2 3 0.14607843137254894
床间
	环境 5 5 0.1588235294117647
	价格 2 5 0.17647058823529413
	餐厅 3 5 0.25441176470588234
	交通 2 5 0.016176470588235292
	服务 3 5 0.07941176470588229
卫生间
	环境 9 9 0.1588235294117647
	价格 2 9 -0.0013071895424836832
	餐厅 6 9 0.321078431372549
	交通 7 9 0.39395424836601306
	服务 4 9 -0.07614379084967327
淋浴
	环境 1 2 -0.3411764705882353
	价格 0 2 -0.2235294117647059
	餐厅 1 2 0.15441176470588236
	交通 0 2 -0.38382352941176473
	服务 2 2 0.4794117647058823
声音
	环境 2 2 0.1588235294117647
	价格 0 2 -0.2235294117647059
	餐厅 1 2 0.15441176470588236
	交通 0 2 -0.38382352941176473
	服务 1 2 -0.020588235294117685
地铁站
	环境 2 4 -0.3411764705882353
	价格 3 4 0.5264705882352941
	餐厅 0 4 -0.34558823529411764
	交通 4 4 0.6161764705882353
	服务 2 4 -0.020588235294117685
价钱
	环境 4 4 0.1588235294117647
	价格 3 4 0.5264705882352941
	餐厅 0 4 -0.34558823529411764
	交通 3 4 0.36617647058823527
	服务 2 4 -0.020588235294117685
房屋
	环境 1 1 0.1588235294117647
	价格 0 1 -0.2235294117647059
	餐厅 0 1 -0.34558823529411764
	交通 0 1 -0.38382352941176473
	服务 1 1 0.4794117647058823
前台
	环境 7 8 0.0338235294117647
	价格 0 8 -0.2235294117647059
	餐厅 0 8 -0.34558823529411764
	交通 0 8 -0.38382352941176473
	服务 6 8 0.22941176470588232
床单
	环境 2 2 0.1588235294117647
	价格 0 2 -0.2235294117647059
	餐厅 1 2 0.15441176470588236
	交通 1 2 0.11617647058823527
	服务 2 2 0.4794117647058823
铺床
	环境 1 1 0.1588235294117647
	价格 0 1 -0.2235294117647059
	餐厅 0 1 -0.34558823529411764
	交通 0 1 -0.38382352941176473
	服务 1 1 0.4794117647058823
电影
	环境 1 1 0.1588235294117647
	价格 0 1 -0.2235294117647059
	餐厅 0 1 -0.34558823529411764
	交通 0 1 -0.38382352941176473
	服务 1 1 0.4794117647058823
连续剧
	环境 1 1 0.1588235294117647
	价格 0 1 -0.2235294117647059
	餐厅 0 1 -0.34558823529411764
	交通 0 1 -0.38382352941176473
	服务 1 1 0.4794117647058823
评分
	环境 1 1 0.1588235294117647
	价格 0 1 -0.2235294117647059
	餐厅 1 1 0.6544117647058824
	交通 0 1 -0.38382352941176473
	服务 0 1 -0.5205882352941177
衣服
	环境 2 2 0.1588235294117647
	价格 0 2 -0.2235294117647059
	餐厅 1 2 0.15441176470588236
	交通 1 2 0.11617647058823527
	服务 1 2 -0.020588235294117685
烟味
	环境 1 1 0.1588235294117647
	价格 0 1 -0.2235294117647059
	餐厅 1 1 0.6544117647058824
	交通 0 1 -0.38382352941176473
	服务 0 1 -0.5205882352941177
开窗
	环境 1 1 0.1588235294117647
	价格 0 1 -0.2235294117647059
	餐厅 1 1 0.6544117647058824
	交通 0 1 -0.38382352941176473
	服务 0 1 -0.5205882352941177
地
	环境 1 1 0.1588235294117647
	价格 0 1 -0.2235294117647059
	餐厅 1 1 0.6544117647058824
	交通 0 1 -0.38382352941176473
	服务 0 1 -0.5205882352941177
浴巾
	环境 1 1 0.1588235294117647
	价格 0 1 -0.2235294117647059
	餐厅 1 1 0.6544117647058824
	交通 0 1 -0.38382352941176473
	服务 0 1 -0.5205882352941177
大堂
	环境 5 5 0.1588235294117647
	价格 2 5 0.17647058823529413
	餐厅 0 5 -0.34558823529411764
	交通 0 5 -0.38382352941176473
	服务 1 5 -0.3205882352941177
效率高
	环境 1 1 0.1588235294117647
	价格 0 1 -0.2235294117647059
	餐厅 0 1 -0.34558823529411764
	交通 0 1 -0.38382352941176473
	服务 0 1 -0.5205882352941177
通风
	环境 2 2 0.1588235294117647
	价格 1 2 0.27647058823529413
	餐厅 1 2 0.15441176470588236
	交通 0 2 -0.38382352941176473
	服务 0 2 -0.5205882352941177
菜谱
	环境 1 1 0.1588235294117647
	价格 0 1 -0.2235294117647059
	餐厅 0 1 -0.34558823529411764
	交通 0 1 -0.38382352941176473
	服务 0 1 -0.5205882352941177
感觉
	环境 7 9 -0.06339869281045751
	价格 1 9 -0.11241830065359479
	餐厅 4 9 0.09885620915032678
	交通 6 9 0.2828431372549019
	服务 5 9 0.034967320261437895
冰箱
	环境 2 2 0.1588235294117647
	价格 1 2 0.27647058823529413
	餐厅 1 2 0.15441176470588236
	交通 1 2 0.11617647058823527
	服务 2 2 0.4794117647058823
时候
	环境 2 2 0.1588235294117647
	价格 1 2 0.27647058823529413
	餐厅 0 2 -0.34558823529411764
	交通 0 2 -0.38382352941176473
	服务 2 2 0.4794117647058823
事情
	环境 2 2 0.1588235294117647
	价格 2 2 0.7764705882352941
	餐厅 0 2 -0.34558823529411764
	交通 0 2 -0.38382352941176473
	服务 2 2 0.4794117647058823
无法
	环境 1 1 0.1588235294117647
	价格 1 1 0.7764705882352941
	餐厅 0 1 -0.34558823529411764
	交通 0 1 -0.38382352941176473
	服务 1 1 0.4794117647058823
暖气
	环境 2 2 0.1588235294117647
	价格 0 2 -0.2235294117647059
	餐厅 1 2 0.15441176470588236
	交通 1 2 0.11617647058823527
	服务 1 2 -0.020588235294117685
被子
	环境 3 3 0.1588235294117647
	价格 0 3 -0.2235294117647059
	餐厅 0 3 -0.34558823529411764
	交通 0 3 -0.38382352941176473
	服务 1 3 -0.18725490196078437
含量
	环境 1 1 0.1588235294117647
	价格 1 1 0.7764705882352941
	餐厅 0 1 -0.34558823529411764
	交通 0 1 -0.38382352941176473
	服务 1 1 0.4794117647058823
情况
	环境 2 2 0.1588235294117647
	价格 1 2 0.27647058823529413
	餐厅 1 2 0.15441176470588236
	交通 1 2 0.11617647058823527
	服务 2 2 0.4794117647058823
字
	环境 1 2 -0.3411764705882353
	价格 0 2 -0.2235294117647059
	餐厅 1 2 0.15441176470588236
	交通 0 2 -0.38382352941176473
	服务 2 2 0.4794117647058823
形容
	环境 0 1 -0.8411764705882353
	价格 0 1 -0.2235294117647059
	餐厅 1 1 0.6544117647058824
	交通 0 1 -0.38382352941176473
	服务 1 1 0.4794117647058823
词汇
	环境 0 1 -0.8411764705882353
	价格 0 1 -0.2235294117647059
	餐厅 1 1 0.6544117647058824
	交通 0 1 -0.38382352941176473
	服务 1 1 0.4794117647058823
大家
	环境 0 1 -0.8411764705882353
	价格 0 1 -0.2235294117647059
	餐厅 1 1 0.6544117647058824
	交通 0 1 -0.38382352941176473
	服务 1 1 0.4794117647058823
浪费
	环境 0 1 -0.8411764705882353
	价格 0 1 -0.2235294117647059
	餐厅 1 1 0.6544117647058824
	交通 0 1 -0.38382352941176473
	服务 1 1 0.4794117647058823
饭
	环境 0 1 -0.8411764705882353
	价格 0 1 -0.2235294117647059
	餐厅 1 1 0.6544117647058824
	交通 0 1 -0.38382352941176473
	服务 1 1 0.4794117647058823
菜
	环境 2 3 -0.17450980392156867
	价格 0 3 -0.2235294117647059
	餐厅 2 3 0.321078431372549
	交通 1 3 -0.050490196078431415
	服务 3 3 0.4794117647058823
面积
	环境 2 2 0.1588235294117647
	价格 0 2 -0.2235294117647059
	餐厅 1 2 0.15441176470588236
	交通 1 2 0.11617647058823527
	服务 2 2 0.4794117647058823
结帐
	环境 2 2 0.1588235294117647
	价格 0 2 -0.2235294117647059
	餐厅 1 2 0.15441176470588236
	交通 1 2 0.11617647058823527
	服务 1 2 -0.020588235294117685
时
	环境 1 1 0.1588235294117647
	价格 0 1 -0.2235294117647059
	餐厅 0 1 -0.34558823529411764
	交通 0 1 -0.38382352941176473
	服务 1 1 0.4794117647058823
太差
	环境 1 1 0.1588235294117647
	价格 1 1 0.7764705882352941
	餐厅 1 1 0.6544117647058824
	交通 0 1 -0.38382352941176473
	服务 0 1 -0.5205882352941177
发廊
	环境 1 1 0.1588235294117647
	价格 1 1 0.7764705882352941
	餐厅 1 1 0.6544117647058824
	交通 0 1 -0.38382352941176473
	服务 0 1 -0.5205882352941177
错误
	环境 2 2 0.1588235294117647
	价格 0 2 -0.2235294117647059
	餐厅 0 2 -0.34558823529411764
	交通 1 2 0.11617647058823527
	服务 2 2 0.4794117647058823
地址
	环境 1 1 0.1588235294117647
	价格 0 1 -0.2235294117647059
	餐厅 0 1 -0.34558823529411764
	交通 1 1 0.6161764705882353
	服务 1 1 0.4794117647058823
痕迹
	环境 1 1 0.1588235294117647
	价格 0 1 -0.2235294117647059
	餐厅 0 1 -0.34558823529411764
	交通 0 1 -0.38382352941176473
	服务 1 1 0.4794117647058823
不懂什
	环境 1 1 0.1588235294117647
	价格 0 1 -0.2235294117647059
	餐厅 0 1 -0.34558823529411764
	交通 0 1 -0.38382352941176473
	服务 1 1 0.4794117647058823
瓶
	环境 1 1 0.1588235294117647
	价格 0 1 -0.2235294117647059
	餐厅 0 1 -0.34558823529411764
	交通 0 1 -0.38382352941176473
	服务 1 1 0.4794117647058823
红酒
	环境 1 1 0.1588235294117647
	价格 0 1 -0.2235294117647059
	餐厅 0 1 -0.34558823529411764
	交通 0 1 -0.38382352941176473
	服务 1 1 0.4794117647058823
称号
	环境 6 6 0.1588235294117647
	价格 0 6 -0.2235294117647059
	餐厅 0 6 -0.34558823529411764
	交通 3 6 0.11617647058823527
	服务 3 6 -0.020588235294117685
走廊
	环境 2 2 0.1588235294117647
	价格 0 2 -0.2235294117647059
	餐厅 0 2 -0.34558823529411764
	交通 1 2 0.11617647058823527
	服务 1 2 -0.020588235294117685
灰色
	环境 2 2 0.1588235294117647
	价格 0 2 -0.2235294117647059
	餐厅 0 2 -0.34558823529411764
	交通 1 2 0.11617647058823527
	服务 1 2 -0.020588235294117685
铁定
	环境 2 2 0.1588235294117647
	价格 0 2 -0.2235294117647059
	餐厅 0 2 -0.34558823529411764
	交通 1 2 0.11617647058823527
	服务 1 2 -0.020588235294117685
早饭
	环境 1 1 0.1588235294117647
	价格 0 1 -0.2235294117647059
	餐厅 1 1 0.6544117647058824
	交通 0 1 -0.38382352941176473
	服务 1 1 0.4794117647058823
小床
	环境 1 1 0.1588235294117647
	价格 0 1 -0.2235294117647059
	餐厅 1 1 0.6544117647058824
	交通 0 1 -0.38382352941176473
	服务 1 1 0.4794117647058823
床
	环境 2 2 0.1588235294117647
	价格 0 2 -0.2235294117647059
	餐厅 1 2 0.15441176470588236
	交通 1 2 0.11617647058823527
	服务 1 2 -0.020588235294117685
点儿
	环境 1 1 0.1588235294117647
	价格 0 1 -0.2235294117647059
	餐厅 0 1 -0.34558823529411764
	交通 0 1 -0.38382352941176473
	服务 0 1 -0.5205882352941177
小店
	环境 0 1 -0.8411764705882353
	价格 0 1 -0.2235294117647059
	餐厅 1 1 0.6544117647058824
	交通 0 1 -0.38382352941176473
	服务 0 1 -0.5205882352941177
餐具
	环境 1 2 -0.3411764705882353
	价格 0 2 -0.2235294117647059
	餐厅 2 2 0.6544117647058824
	交通 1 2 0.11617647058823527
	服务 1 2 -0.020588235294117685
上菜
	环境 0 1 -0.8411764705882353
	价格 0 1 -0.2235294117647059
	餐厅 1 1 0.6544117647058824
	交通 0 1 -0.38382352941176473
	服务 0 1 -0.5205882352941177
有点
	环境 2 4 -0.3411764705882353
	价格 3 4 0.5264705882352941
	餐厅 0 4 -0.34558823529411764
	交通 2 4 0.11617647058823527
	服务 1 4 -0.2705882352941177
格局
	环境 1 1 0.1588235294117647
	价格 1 1 0.7764705882352941
	餐厅 0 1 -0.34558823529411764
	交通 1 1 0.6161764705882353
	服务 0 1 -0.5205882352941177
环宇
	环境 1 1 0.1588235294117647
	价格 1 1 0.7764705882352941
	餐厅 0 1 -0.34558823529411764
	交通 1 1 0.6161764705882353
	服务 0 1 -0.5205882352941177
差
	环境 1 1 0.1588235294117647
	价格 0 1 -0.2235294117647059
	餐厅 1 1 0.6544117647058824
	交通 1 1 0.6161764705882353
	服务 0 1 -0.5205882352941177
快捷酒店
	环境 1 1 0.1588235294117647
	价格 0 1 -0.2235294117647059
	餐厅 0 1 -0.34558823529411764
	交通 0 1 -0.38382352941176473
	服务 1 1 0.4794117647058823
细心
	环境 1 1 0.1588235294117647
	价格 0 1 -0.2235294117647059
	餐厅 0 1 -0.34558823529411764
	交通 0 1 -0.38382352941176473
	服务 1 1 0.4794117647058823
标准间
	环境 3 3 0.1588235294117647
	价格 1 3 0.10980392156862742
	餐厅 2 3 0.321078431372549
	交通 0 3 -0.38382352941176473
	服务 3 3 0.4794117647058823
接站
	环境 2 2 0.1588235294117647
	价格 2 2 0.7764705882352941
	餐厅 0 2 -0.34558823529411764
	交通 0 2 -0.38382352941176473
	服务 2 2 0.4794117647058823
总台
	环境 2 2 0.1588235294117647
	价格 1 2 0.27647058823529413
	餐厅 1 2 0.15441176470588236
	交通 1 2 0.11617647058823527
	服务 1 2 -0.020588235294117685
市区
	环境 2 3 -0.17450980392156867
	价格 0 3 -0.2235294117647059
	餐厅 2 3 0.321078431372549
	交通 2 3 0.2828431372549019
	服务 3 3 0.4794117647058823
灯光
	环境 2 2 0.1588235294117647
	价格 2 2 0.7764705882352941
	餐厅 0 2 -0.34558823529411764
	交通 0 2 -0.38382352941176473
	服务 0 2 -0.5205882352941177
关系
	环境 1 1 0.1588235294117647
	价格 1 1 0.7764705882352941
	餐厅 0 1 -0.34558823529411764
	交通 0 1 -0.38382352941176473
	服务 0 1 -0.5205882352941177
地毯
	环境 2 2 0.1588235294117647
	价格 1 2 0.27647058823529413
	餐厅 1 2 0.15441176470588236
	交通 1 2 0.11617647058823527
	服务 1 2 -0.020588235294117685
风筝
	环境 1 1 0.1588235294117647
	价格 1 1 0.7764705882352941
	餐厅 0 1 -0.34558823529411764
	交通 1 1 0.6161764705882353
	服务 0 1 -0.5205882352941177
店
	环境 1 1 0.1588235294117647
	价格 1 1 0.7764705882352941
	餐厅 0 1 -0.34558823529411764
	交通 1 1 0.6161764705882353
	服务 0 1 -0.5205882352941177
斜对面
	环境 1 1 0.1588235294117647
	价格 1 1 0.7764705882352941
	餐厅 0 1 -0.34558823529411764
	交通 1 1 0.6161764705882353
	服务 0 1 -0.5205882352941177
街景
	环境 1 1 0.1588235294117647
	价格 1 1 0.7764705882352941
	餐厅 0 1 -0.34558823529411764
	交通 1 1 0.6161764705882353
	服务 1 1 0.4794117647058823
热水
	环境 2 2 0.1588235294117647
	价格 0 2 -0.2235294117647059
	餐厅 0 2 -0.34558823529411764
	交通 0 2 -0.38382352941176473
	服务 1 2 -0.020588235294117685
味道
	环境 3 4 -0.0911764705882353
	价格 0 4 -0.2235294117647059
	餐厅 0 4 -0.34558823529411764
	交通 2 4 0.11617647058823527
	服务 3 4 0.22941176470588232
个别
	环境 0 1 -0.8411764705882353
	价格 0 1 -0.2235294117647059
	餐厅 0 1 -0.34558823529411764
	交通 1 1 0.6161764705882353
	服务 1 1 0.4794117647058823
标准
	环境 1 2 -0.3411764705882353
	价格 0 2 -0.2235294117647059
	餐厅 0 2 -0.34558823529411764
	交通 2 2 0.6161764705882353
	服务 1 2 -0.020588235294117685
市场
	环境 0 1 -0.8411764705882353
	价格 1 1 0.7764705882352941
	餐厅 0 1 -0.34558823529411764
	交通 1 1 0.6161764705882353
	服务 0 1 -0.5205882352941177
笑容
	环境 0 1 -0.8411764705882353
	价格 1 1 0.7764705882352941
	餐厅 0 1 -0.34558823529411764
	交通 0 1 -0.38382352941176473
	服务 0 1 -0.5205882352941177
憾事
	环境 0 1 -0.8411764705882353
	价格 1 1 0.7764705882352941
	餐厅 0 1 -0.34558823529411764
	交通 0 1 -0.38382352941176473
	服务 0 1 -0.5205882352941177
优势
	环境 2 2 0.1588235294117647
	价格 0 2 -0.2235294117647059
	餐厅 1 2 0.15441176470588236
	交通 1 2 0.11617647058823527
	服务 1 2 -0.020588235294117685
火车站
	环境 2 3 -0.17450980392156867
	价格 0 3 -0.2235294117647059
	餐厅 0 3 -0.34558823529411764
	交通 2 3 0.2828431372549019
	服务 1 3 -0.18725490196078437
景点
	环境 1 1 0.1588235294117647
	价格 0 1 -0.2235294117647059
	餐厅 0 1 -0.34558823529411764
	交通 0 1 -0.38382352941176473
	服务 0 1 -0.5205882352941177
电视
	环境 2 2 0.1588235294117647
	价格 0 2 -0.2235294117647059
	餐厅 1 2 0.15441176470588236
	交通 1 2 0.11617647058823527
	服务 1 2 -0.020588235294117685
结账
	环境 3 3 0.1588235294117647
	价格 2 3 0.44313725490196076
	餐厅 3 3 0.6544117647058824
	交通 0 3 -0.38382352941176473
	服务 3 3 0.4794117647058823
锅
	环境 1 1 0.1588235294117647
	价格 0 1 -0.2235294117647059
	餐厅 1 1 0.6544117647058824
	交通 0 1 -0.38382352941176473
	服务 1 1 0.4794117647058823
台灯
	环境 1 1 0.1588235294117647
	价格 0 1 -0.2235294117647059
	餐厅 0 1 -0.34558823529411764
	交通 0 1 -0.38382352941176473
	服务 1 1 0.4794117647058823
鞋盒
	环境 1 1 0.1588235294117647
	价格 0 1 -0.2235294117647059
	餐厅 0 1 -0.34558823529411764
	交通 0 1 -0.38382352941176473
	服务 1 1 0.4794117647058823
出租车
	环境 5 5 0.1588235294117647
	价格 2 5 0.17647058823529413
	餐厅 3 5 0.25441176470588234
	交通 2 5 0.016176470588235292
	服务 5 5 0.4794117647058823
单人间
	环境 1 1 0.1588235294117647
	价格 1 1 0.7764705882352941
	餐厅 1 1 0.6544117647058824
	交通 0 1 -0.38382352941176473
	服务 1 1 0.4794117647058823
冰块
	环境 1 1 0.1588235294117647
	价格 0 1 -0.2235294117647059
	餐厅 1 1 0.6544117647058824
	交通 1 1 0.6161764705882353
	服务 1 1 0.4794117647058823
床房
	环境 1 1 0.1588235294117647
	价格 0 1 -0.2235294117647059
	餐厅 1 1 0.6544117647058824
	交通 1 1 0.6161764705882353
	服务 1 1 0.4794117647058823
地段
	环境 2 2 0.1588235294117647
	价格 0 2 -0.2235294117647059
	餐厅 1 2 0.15441176470588236
	交通 2 2 0.6161764705882353
	服务 1 2 -0.020588235294117685
电脑病毒
	环境 2 2 0.1588235294117647
	价格 0 2 -0.2235294117647059
	餐厅 2 2 0.6544117647058824
	交通 2 2 0.6161764705882353
	服务 2 2 0.4794117647058823
误会
	环境 0 1 -0.8411764705882353
	价格 0 1 -0.2235294117647059
	餐厅 0 1 -0.34558823529411764
	交通 0 1 -0.38382352941176473
	服务 1 1 0.4794117647058823
门童
	环境 4 4 0.1588235294117647
	价格 0 4 -0.2235294117647059
	餐厅 4 4 0.6544117647058824
	交通 0 4 -0.38382352941176473
	服务 2 4 -0.020588235294117685
一楼
	环境 1 1 0.1588235294117647
	价格 0 1 -0.2235294117647059
	餐厅 0 1 -0.34558823529411764
	交通 0 1 -0.38382352941176473
	服务 1 1 0.4794117647058823
蚊子
	环境 1 1 0.1588235294117647
	价格 0 1 -0.2235294117647059
	餐厅 0 1 -0.34558823529411764
	交通 0 1 -0.38382352941176473
	服务 1 1 0.4794117647058823
电源
	环境 0 1 -0.8411764705882353
	价格 0 1 -0.2235294117647059
	餐厅 1 1 0.6544117647058824
	交通 1 1 0.6161764705882353
	服务 0 1 -0.5205882352941177
插口
	环境 0 1 -0.8411764705882353
	价格 0 1 -0.2235294117647059
	餐厅 1 1 0.6544117647058824
	交通 1 1 0.6161764705882353
	服务 0 1 -0.5205882352941177
至极
	环境 0 1 -0.8411764705882353
	价格 0 1 -0.2235294117647059
	餐厅 1 1 0.6544117647058824
	交通 1 1 0.6161764705882353
	服务 0 1 -0.5205882352941177
机场
	环境 0 1 -0.8411764705882353
	价格 0 1 -0.2235294117647059
	餐厅 1 1 0.6544117647058824
	交通 1 1 0.6161764705882353
	服务 0 1 -0.5205882352941177
小时
	环境 1 1 0.1588235294117647
	价格 0 1 -0.2235294117647059
	餐厅 1 1 0.6544117647058824
	交通 1 1 0.6161764705882353
	服务 0 1 -0.5205882352941177
浴缸
	环境 2 2 0.1588235294117647
	价格 0 2 -0.2235294117647059
	餐厅 2 2 0.6544117647058824
	交通 2 2 0.6161764705882353
	服务 0 2 -0.5205882352941177
实在太
	环境 2 2 0.1588235294117647
	价格 0 2 -0.2235294117647059
	餐厅 1 2 0.15441176470588236
	交通 0 2 -0.38382352941176473
	服务 1 2 -0.020588235294117685
人家
	环境 1 1 0.1588235294117647
	价格 0 1 -0.2235294117647059
	餐厅 1 1 0.6544117647058824
	交通 0 1 -0.38382352941176473
	服务 0 1 -0.5205882352941177
旅馆
	环境 3 3 0.1588235294117647
	价格 0 3 -0.2235294117647059
	餐厅 3 3 0.6544117647058824
	交通 2 3 0.2828431372549019
	服务 0 3 -0.5205882352941177
椅子
	环境 1 1 0.1588235294117647
	价格 0 1 -0.2235294117647059
	餐厅 0 1 -0.34558823529411764
	交通 0 1 -0.38382352941176473
	服务 1 1 0.4794117647058823
插地
	环境 1 1 0.1588235294117647
	价格 0 1 -0.2235294117647059
	餐厅 0 1 -0.34558823529411764
	交通 0 1 -0.38382352941176473
	服务 0 1 -0.5205882352941177
压力
	环境 1 1 0.1588235294117647
	价格 0 1 -0.2235294117647059
	餐厅 0 1 -0.34558823529411764
	交通 0 1 -0.38382352941176473
	服务 0 1 -0.5205882352941177
气愤
	环境 1 1 0.1588235294117647
	价格 0 1 -0.2235294117647059
	餐厅 0 1 -0.34558823529411764
	交通 0 1 -0.38382352941176473
	服务 0 1 -0.5205882352941177
方
	环境 1 1 0.1588235294117647
	价格 0 1 -0.2235294117647059
	餐厅 0 1 -0.34558823529411764
	交通 0 1 -0.38382352941176473
	服务 0 1 -0.5205882352941177
恢复原
	环境 1 1 0.1588235294117647
	价格 0 1 -0.2235294117647059
	餐厅 0 1 -0.34558823529411764
	交通 0 1 -0.38382352941176473
	服务 0 1 -0.5205882352941177
订单
	环境 1 1 0.1588235294117647
	价格 0 1 -0.2235294117647059
	餐厅 0 1 -0.34558823529411764
	交通 0 1 -0.38382352941176473
	服务 0 1 -0.5205882352941177
机制
	环境 1 1 0.1588235294117647
	价格 0 1 -0.2235294117647059
	餐厅 0 1 -0.34558823529411764
	交通 0 1 -0.38382352941176473
	服务 0 1 -0.5205882352941177
大楼
	环境 1 1 0.1588235294117647
	价格 0 1 -0.2235294117647059
	餐厅 0 1 -0.34558823529411764
	交通 0 1 -0.38382352941176473
	服务 0 1 -0.5205882352941177
成
	环境 1 1 0.1588235294117647
	价格 0 1 -0.2235294117647059
	餐厅 0 1 -0.34558823529411764
	交通 0 1 -0.38382352941176473
	服务 0 1 -0.5205882352941177
办理
	环境 1 1 0.1588235294117647
	价格 0 1 -0.2235294117647059
	餐厅 0 1 -0.34558823529411764
	交通 0 1 -0.38382352941176473
	服务 0 1 -0.5205882352941177
布局
	环境 1 1 0.1588235294117647
	价格 0 1 -0.2235294117647059
	餐厅 0 1 -0.34558823529411764
	交通 0 1 -0.38382352941176473
	服务 0 1 -0.5205882352941177
全身
	环境 1 1 0.1588235294117647
	价格 0 1 -0.2235294117647059
	餐厅 0 1 -0.34558823529411764
	交通 0 1 -0.38382352941176473
	服务 0 1 -0.5205882352941177
更让人
	环境 1 1 0.1588235294117647
	价格 0 1 -0.2235294117647059
	餐厅 0 1 -0.34558823529411764
	交通 0 1 -0.38382352941176473
	服务 0 1 -0.5205882352941177
瓦数
	环境 1 1 0.1588235294117647
	价格 0 1 -0.2235294117647059
	餐厅 0 1 -0.34558823529411764
	交通 0 1 -0.38382352941176473
	服务 0 1 -0.5205882352941177
灯
	环境 1 1 0.1588235294117647
	价格 0 1 -0.2235294117647059
	餐厅 0 1 -0.34558823529411764
	交通 0 1 -0.38382352941176473
	服务 0 1 -0.5205882352941177
极端
	环境 1 1 0.1588235294117647
	价格 0 1 -0.2235294117647059
	餐厅 0 1 -0.34558823529411764
	交通 0 1 -0.38382352941176473
	服务 0 1 -0.5205882352941177
澡
	环境 1 1 0.1588235294117647
	价格 0 1 -0.2235294117647059
	餐厅 0 1 -0.34558823529411764
	交通 1 1 0.6161764705882353
	服务 1 1 0.4794117647058823
路
	环境 0 1 -0.8411764705882353
	价格 0 1 -0.2235294117647059
	餐厅 0 1 -0.34558823529411764
	交通 1 1 0.6161764705882353
	服务 1 1 0.4794117647058823
行政
	环境 0 1 -0.8411764705882353
	价格 0 1 -0.2235294117647059
	餐厅 0 1 -0.34558823529411764
	交通 1 1 0.6161764705882353
	服务 1 1 0.4794117647058823
地理环境
	环境 0 1 -0.8411764705882353
	价格 0 1 -0.2235294117647059
	餐厅 0 1 -0.34558823529411764
	交通 1 1 0.6161764705882353
	服务 1 1 0.4794117647058823
会员卡
	环境 0 1 -0.8411764705882353
	价格 0 1 -0.2235294117647059
	餐厅 0 1 -0.34558823529411764
	交通 1 1 0.6161764705882353
	服务 1 1 0.4794117647058823
总府
	环境 0 1 -0.8411764705882353
	价格 0 1 -0.2235294117647059
	餐厅 0 1 -0.34558823529411764
	交通 1 1 0.6161764705882353
	服务 1 1 0.4794117647058823
文殊院
	环境 1 1 0.1588235294117647
	价格 0 1 -0.2235294117647059
	餐厅 0 1 -0.34558823529411764
	交通 1 1 0.6161764705882353
	服务 1 1 0.4794117647058823
大厅
	环境 3 3 0.1588235294117647
	价格 0 3 -0.2235294117647059
	餐厅 0 3 -0.34558823529411764
	交通 0 3 -0.38382352941176473
	服务 3 3 0.4794117647058823
经理
	环境 1 1 0.1588235294117647
	价格 0 1 -0.2235294117647059
	餐厅 1 1 0.6544117647058824
	交通 0 1 -0.38382352941176473
	服务 1 1 0.4794117647058823
人数
	环境 1 1 0.1588235294117647
	价格 0 1 -0.2235294117647059
	餐厅 1 1 0.6544117647058824
	交通 0 1 -0.38382352941176473
	服务 1 1 0.4794117647058823
商场
	环境 1 1 0.1588235294117647
	价格 0 1 -0.2235294117647059
	餐厅 1 1 0.6544117647058824
	交通 1 1 0.6161764705882353
	服务 0 1 -0.5205882352941177
硬件
	环境 2 2 0.1588235294117647
	价格 0 2 -0.2235294117647059
	餐厅 2 2 0.6544117647058824
	交通 2 2 0.6161764705882353
	服务 2 2 0.4794117647058823
锅炉
	环境 1 1 0.1588235294117647
	价格 0 1 -0.2235294117647059
	餐厅 0 1 -0.34558823529411764
	交通 0 1 -0.38382352941176473
	服务 1 1 0.4794117647058823
骗人
	环境 1 1 0.1588235294117647
	价格 0 1 -0.2235294117647059
	餐厅 0 1 -0.34558823529411764
	交通 0 1 -0.38382352941176473
	服务 1 1 0.4794117647058823
自作
	环境 1 1 0.1588235294117647
	价格 0 1 -0.2235294117647059
	餐厅 0 1 -0.34558823529411764
	交通 0 1 -0.38382352941176473
	服务 1 1 0.4794117647058823
中央空调
	环境 1 1 0.1588235294117647
	价格 0 1 -0.2235294117647059
	餐厅 0 1 -0.34558823529411764
	交通 0 1 -0.38382352941176473
	服务 0 1 -0.5205882352941177
隔墙
	环境 1 1 0.1588235294117647
	价格 1 1 0.7764705882352941
	餐厅 0 1 -0.34558823529411764
	交通 0 1 -0.38382352941176473
	服务 0 1 -0.5205882352941177
电视频道
	环境 1 1 0.1588235294117647
	价格 1 1 0.7764705882352941
	餐厅 0 1 -0.34558823529411764
	交通 0 1 -0.38382352941176473
	服务 0 1 -0.5205882352941177
缘故
	环境 1 1 0.1588235294117647
	价格 0 1 -0.2235294117647059
	餐厅 1 1 0.6544117647058824
	交通 0 1 -0.38382352941176473
	服务 1 1 0.4794117647058823
层数
	环境 0 1 -0.8411764705882353
	价格 0 1 -0.2235294117647059
	餐厅 0 1 -0.34558823529411764
	交通 1 1 0.6161764705882353
	服务 0 1 -0.5205882352941177
地方
	环境 0 1 -0.8411764705882353
	价格 0 1 -0.2235294117647059
	餐厅 0 1 -0.34558823529411764
	交通 1 1 0.6161764705882353
	服务 0 1 -0.5205882352941177
关键
	环境 0 1 -0.8411764705882353
	价格 0 1 -0.2235294117647059
	餐厅 0 1 -0.34558823529411764
	交通 1 1 0.6161764705882353
	服务 0 1 -0.5205882352941177
卫生状况
	环境 1 1 0.1588235294117647
	价格 0 1 -0.2235294117647059
	餐厅 0 1 -0.34558823529411764
	交通 1 1 0.6161764705882353
	服务 0 1 -0.5205882352941177
噪声
	环境 1 1 0.1588235294117647
	价格 0 1 -0.2235294117647059
	餐厅 0 1 -0.34558823529411764
	交通 0 1 -0.38382352941176473
	服务 1 1 0.4794117647058823
招待所
	环境 1 1 0.1588235294117647
	价格 0 1 -0.2235294117647059
	餐厅 1 1 0.6544117647058824
	交通 1 1 0.6161764705882353
	服务 1 1 0.4794117647058823
食物
	环境 2 2 0.1588235294117647
	价格 0 2 -0.2235294117647059
	餐厅 2 2 0.6544117647058824
	交通 2 2 0.6161764705882353
	服务 2 2 0.4794117647058823
心情
	环境 1 1 0.1588235294117647
	价格 0 1 -0.2235294117647059
	餐厅 1 1 0.6544117647058824
	交通 1 1 0.6161764705882353
	服务 1 1 0.4794117647058823
服务生
	环境 1 1 0.1588235294117647
	价格 0 1 -0.2235294117647059
	餐厅 1 1 0.6544117647058824
	交通 1 1 0.6161764705882353
	服务 1 1 0.4794117647058823
用品
	环境 1 1 0.1588235294117647
	价格 1 1 0.7764705882352941
	餐厅 0 1 -0.34558823529411764
	交通 0 1 -0.38382352941176473
	服务 0 1 -0.5205882352941177
质量
	环境 1 1 0.1588235294117647
	价格 1 1 0.7764705882352941
	餐厅 0 1 -0.34558823529411764
	交通 0 1 -0.38382352941176473
	服务 0 1 -0.5205882352941177
内置
	环境 1 1 0.1588235294117647
	价格 0 1 -0.2235294117647059
	餐厅 0 1 -0.34558823529411764
	交通 0 1 -0.38382352941176473
	服务 1 1 0.4794117647058823
用
	环境 1 1 0.1588235294117647
	价格 0 1 -0.2235294117647059
	餐厅 0 1 -0.34558823529411764
	交通 0 1 -0.38382352941176473
	服务 1 1 0.4794117647058823
信号
	环境 1 1 0.1588235294117647
	价格 0 1 -0.2235294117647059
	餐厅 0 1 -0.34558823529411764
	交通 0 1 -0.38382352941176473
	服务 1 1 0.4794117647058823
抽水马桶
	环境 0 1 -0.8411764705882353
	价格 1 1 0.7764705882352941
	餐厅 0 1 -0.34558823529411764
	交通 0 1 -0.38382352941176473
	服务 0 1 -0.5205882352941177
距
	环境 1 1 0.1588235294117647
	价格 0 1 -0.2235294117647059
	餐厅 1 1 0.6544117647058824
	交通 0 1 -0.38382352941176473
	服务 1 1 0.4794117647058823
关口
	环境 1 1 0.1588235294117647
	价格 0 1 -0.2235294117647059
	餐厅 1 1 0.6544117647058824
	交通 0 1 -0.38382352941176473
	服务 1 1 0.4794117647058823
太小
	环境 1 1 0.1588235294117647
	价格 0 1 -0.2235294117647059
	餐厅 1 1 0.6544117647058824
	交通 0 1 -0.38382352941176473
	服务 1 1 0.4794117647058823
大床
	环境 2 2 0.1588235294117647
	价格 0 2 -0.2235294117647059
	餐厅 2 2 0.6544117647058824
	交通 0 2 -0.38382352941176473
	服务 2 2 0.4794117647058823
马桶
	环境 2 2 0.1588235294117647
	价格 0 2 -0.2235294117647059
	餐厅 0 2 -0.34558823529411764
	交通 0 2 -0.38382352941176473
	服务 0 2 -0.5205882352941177
员工
	环境 1 1 0.1588235294117647
	价格 0 1 -0.2235294117647059
	餐厅 1 1 0.6544117647058824
	交通 1 1 0.6161764705882353
	服务 1 1 0.4794117647058823
饭菜
	环境 1 1 0.1588235294117647
	价格 0 1 -0.2235294117647059
	餐厅 0 1 -0.34558823529411764
	交通 0 1 -0.38382352941176473
	服务 1 1 0.4794117647058823
差劲
	环境 1 1 0.1588235294117647
	价格 1 1 0.7764705882352941
	餐厅 0 1 -0.34558823529411764
	交通 1 1 0.6161764705882353
	服务 0 1 -0.5205882352941177
车
	环境 1 1 0.1588235294117647
	价格 1 1 0.7764705882352941
	餐厅 0 1 -0.34558823529411764
	交通 1 1 0.6161764705882353
	服务 0 1 -0.5205882352941177
乘客
	环境 1 1 0.1588235294117647
	价格 1 1 0.7764705882352941
	餐厅 0 1 -0.34558823529411764
	交通 1 1 0.6161764705882353
	服务 0 1 -0.5205882352941177
地下室
	环境 1 1 0.1588235294117647
	价格 1 1 0.7764705882352941
	餐厅 0 1 -0.34558823529411764
	交通 1 1 0.6161764705882353
	服务 0 1 -0.5205882352941177
停车场
	环境 1 1 0.1588235294117647
	价格 1 1 0.7764705882352941
	餐厅 0 1 -0.34558823529411764
	交通 1 1 0.6161764705882353
	服务 0 1 -0.5205882352941177
现场感
	环境 1 1 0.1588235294117647
	价格 0 1 -0.2235294117647059
	餐厅 0 1 -0.34558823529411764
	交通 0 1 -0.38382352941176473
	服务 0 1 -0.5205882352941177
副理
	环境 1 1 0.1588235294117647
	价格 0 1 -0.2235294117647059
	餐厅 0 1 -0.34558823529411764
	交通 0 1 -0.38382352941176473
	服务 0 1 -0.5205882352941177
时段
	环境 1 1 0.1588235294117647
	价格 0 1 -0.2235294117647059
	餐厅 0 1 -0.34558823529411764
	交通 0 1 -0.38382352941176473
	服务 0 1 -0.5205882352941177
空气
	环境 1 1 0.1588235294117647
	价格 0 1 -0.2235294117647059
	餐厅 0 1 -0.34558823529411764
	交通 0 1 -0.38382352941176473
	服务 1 1 0.4794117647058823
住地
	环境 1 1 0.1588235294117647
	价格 0 1 -0.2235294117647059
	餐厅 0 1 -0.34558823529411764
	交通 0 1 -0.38382352941176473
	服务 1 1 0.4794117647058823
广场
	环境 1 1 0.1588235294117647
	价格 0 1 -0.2235294117647059
	餐厅 1 1 0.6544117647058824
	交通 1 1 0.6161764705882353
	服务 0 1 -0.5205882352941177
速度
	环境 1 1 0.1588235294117647
	价格 0 1 -0.2235294117647059
	餐厅 1 1 0.6544117647058824
	交通 1 1 0.6161764705882353
	服务 0 1 -0.5205882352941177
